1100001019
3100002001
1100001006
1100001029
3301004001
3100006001
1100001021
1100004001
3100012001
3301004002
3301007001
1100001003
1100009001
3201001001
1100003001
1100001041
3100007001
1100001024
3100002002
3100011001
1100001005
1100002001
1100001032
3301002001
2501005002
1100001018
1100001022
1100001025
2501006004
2501003001
2501002001
1100001023
1100001002
1100001031
1100001045
1100001027
1100001030
3205002001
1100005001
1100001020
2501002002
3100001001
1100001042
3100003001
3100010001
2501007001
3301001001
1100007001
1100006001
3100004001
3301006001
1100001039
1100001028
2501005001
3202001
2501003002
1100001046
3100005001
3205003001
2501006001
3301003001
2501004001
4201001001
3202001001
1100001007
2501006003
2501006002
