1023264062
160062565
1907909561
581978910
1787418700
1777092395
427385004
274929614
1370614930
790088538
257644103
714544415
1872701828
2066264785
1398449489
440946274
1613108060
1456893703
1481867509
926922057
770579334
808178927
172094706
1945854388
438598781
173100777
1924276451
1850675754
826287332
1333318914
1768646576
1436009599
1672367015
1789310891
51382214
185449269
1987319639
870177127
2138632792
60390887
218958984
859483693
1679519670
1345759195
1430878695
393042305
1368375785
1665990463
1731398753
802158841
1621815814
1627369283
1544680145
35310299
1038746999
2112074718
388092859
600588997
1293010883
1190995241
2061985718
783091806
966252542
1867959127
948782075
2115833443
1415176989
929812714
1053323482
147084726
1253102967
837824288
1001573387
897345445
730476821
1501209024
555283135
297049591
471260815
122834882
1979735104
1740603110
1965720206
347565076
1988595108
511518256
2124809308
576172016
1958293202
742597960
1420468597
915680542
445183422
919215855
1414584042
1003268796
1079038805
1695016163
472375154
449005688
684477964
734224519
652046789
1188172340
286433321
1124497053
802778187
246266446
154629175
1576372632
634719800
32602784
36203453
1846722076
1268162775
485405682
1671013834
1557560058
10558631
1423024115
873238882
214291024
283697585
29970307
49735368
1883566504
334756908
239771540
1520937012
1259235338
613073142
1366548879
1428147843
1982566749
1999734290
705708885
1218316415
1819513190
913563222
1901470274
106236069
549736805
1311140843
672948323
1512543271
1077056425
352010084
1322960401
846973969
799722039
2011905630
931043878
122537344
919870940
2103515862
401003252
1139472503
1441483098
90220457
1819055856
1612387532
653454177
132311241
845456665
173332919
1918944882
1186646294
1286147506
1055607620
1971678009
87793170
208637611
2097742948
1379107589
1253043591
1252649935
1318300259
2114102590
1461226502
1265292492
1667541374
904916800
309375905
969569155
1645889877
1305948171
490819566
1568514894
1259500365
1255191105
201042387
903744349
752040087
1920698008
284444711
379242687
887750441
642464573
2121613773
551507835
945229964
1332737723
1218998861
1132936961
1344113845
1866335343
1161087055
756183575
1936734737
1903814314
1510618967
762107489
926332848
756313817
1880583488
842431902
1917972306
1418728561
1471171467
1315404514
1368334190
1033000373
1468957862
1797508493
1606372733
192261129
1949988329
2025817937
42883364
537644294
1355573668
1672267010
1472799851
137015927
1219582321
1149844610
306267732
931930128
1883836581
1652497762
1759236537
44218992
1299972757
607252209
1347674394
1673277767
410082699
2046692964
1851002954
61893485
1103688056
1521726799
791060086
1640661514
1223249345
1857318200
1518869391
361103380
1585112860
1403998520
1467879189
159756707
1652984724
623664953
157037662
1879586122
444935996
1195700099
108844769
1552130495
1584814014
127748621
1635808794
1988749299
1216931077
2050847096
749073455
1298193780
1066256632
731759053
302630271
2094343907
1668227549
1189750465
1562398217
1861033248
187257152
1980977005
678667723
587589561
752128680
832754168
450258463
2062557847
1114332971
1443412485
1526925862
960018242
2122934382
603758932
723515984
789334108
1924861257
964754282
243597014
1223885272
1992510130
1671340594
110865228
1512613713
214905347
326488396
2144087359
1863980926
2083754592
274879839
2129284812
862000914
447864791
241175932
1058031657
1041578443
1730750031
1836792678
40318338
1334996946
1355990534
1522324610
2138324771
2092157860
235360087
247451613
862146012
1455938391
793641258
26793333
55530748
729557037
485834114
1833691463
107098998
2066605277
991053306
1448601720
944578477
345623111
1122246379
1516510307
537992260
2064278561
812164114
2079588503
386387995
223113522
129129106
1249751124
433100132
1362555508
1366775290
1973311868
1910626574
993392247
627719108
815755948
1746640929
237957543
108864760
1201243708
650206288
1413552971
469901901
691199225
761961238
955688935
1632932795
2114238353
1550122821
1225481120
244168149
1352130094
1617032904
839342409
1778458676
1245058999
1761163634
394800016
163140404
387377752
1506150832
1593461731
294662658
482950997
1651517474
1811446252
350373652
284211010
998872618
298474494
1440578013
1482547998
139949262
853731299
313621162
402927206
1774088549
1875869477
1672760239
1304783101
1971257110
634689278
1076112649
1371517730
1133809707
1414082591
1095828990
1501856876
377558155
863349680
79418110
1342290115
2035667170
2050310873
410100588
1344978751
1809598645
1096192545
793604734
1483267241
715296724
1810641020
328026670
1666192495
1693858952
748564512
1668983894
543969733
1951231966
1819294962
1072824183
448324852
904341276
13227759
1084485686
1929730081
466724876
2123575294
603285525
273773418
402080061
2017394465
8983412
2106113756
2113597988
425888967
235342918
2024740221
1788350487
77279348
1333785966
359355378
312255260
1428642217
1037410266
2015249985
1541588968
1562580391
1189182942
1801980730
179500832
1331352167
797080484
1621041018
2023390280
2135798471
899856311
1979666462
2086123589
583325220
2123403788
463674482
211390533
1406630347
1923351200
837175274
1409875624
413625223
343040503
1984567740
725637444
393119556
743757072
2000044166
656608939
1284543785
496168267
1882067082
1938025275
1192719953
1290221670
600860783
484166455
855836873
1495365917
492809448
734397104
309734850
341058518
692720967
229285608
1244427640
804649392
1281631129
1378900125
454989448
1720533450
15731246
536238815
487764302
1961239206
469411832
410766279
1669959368
2034845026
778590751
397035456
1077788606
1040599447
1810106955
1055236510
409043261
425011151
2054440010
936897904
763153597
1497454843
1383125837
1846236890
1602118815
1471238418
1928483651
609581439
1790409349
2017893241
2083128638
690957581
781554500
759650671
1502557875
654847428
769942323
257214890
569470133
1150538383
1423408222
2026854363
2109988102
1732248809
1592826388
1270615515
442475357
1702914386
2037467123
1892122132
1197073070
52935710
215596444
1970594353
1785518654
502999303
1546956332
1417747764
749697118
982775262
105859889
342205771
932820708
1695867475
1632458458
1722215730
1631568902
1507653992
954649363
1234836427
111027797
1796991104
142882731
1736476462
1874302983
1518174670
713463283
1459285058
216388675
327074606
1462442260
961579377
1160307155
1432554679
977776565
1617570354
1785422116
1058288782
1899142371
1961575998
653097875
723538295
1473115511
1606278657
196561833
893407513
825800925
1804167699
666845555
885620420
1968711890
20014109
257922704
1521729704
392715342
1652661214
463188597
699637778
1378144375
1285269127
1880193218
1165413877
1018930970
20915669
510618625
1267267734
1089767080
594970915
472616352
1343836590
1744222142
522006973
919079764
1881285249
2005524491
1238120280
1891025500
782327524
1309876021
1981050555
182710531
1898384293
285080411
721500491
1706028719
1613395512
795581286
1208029734
230657563
876930128
1740354745
1143034931
1410801886
1021660329
367656829
367407609
1440150262
151677665
1464953925
667186903
166054939
1104762697
1863469264
225634562
1334239465
1605237210
399664414
995039638
434171150
407531957
1732936457
134465055
129694491
1700005727
1388127948
40270994
223001064
1143074342
318819088
2133588118
2006433889
1311848341
485696597
1429533470
1236050480
1898394688
2084481603
1401867655
1162351560
625779372
1018450140
1766665670
1398994821
1154345766
29952910
809203156
1284666326
301727546
440213343
575450300
339397273
447691799
1589678886
524499456
1991093723
1006565344
270742168
876533193
1453093330
1129541519
135078604
304833858
706535816
1409829272
1199586564
1496043879
1391129780
730628276
66424801
834412990
10198311
1182842151
770340217
1582199877
85077582
401238506
1543549112
2144315229
84399974
1736619353
1447676011
826360218
680470848
1652314552
625339642
541136609
357682878
1134197026
718894554
234376592
246015835
1742998284
1618721750
1125816652
1519536183
566450960
547653707
838288439
417223581
1367676772
1424137128
774232239
688117760
1327613364
1036128264
1305322757
1481281600
1602635366
45369670
959039896
913959013
1953923424
247868994
1477851358
1282447582
1711079092
1066471544
1669099848
901062617
293581477
229830131
1769628638
543593029
379384316
416803449
61769397
145433122
466711546
495738707
2059111137
391349867
1593064134
482673135
228695406
51838273
660714928
1689117438
551852751
551105407
711771065
301823787
1260331328
548692106
932205466
1753175095
697133310
1231505210
1319575816
75253579
1646699534
1803887950
1226141476
1229843612
1713433552
713367974
907617014
1733967154
236173765
67289674
482289194
1940213734
591986089
793030920
902258919
1456284898
1010681661
343997442
1867254546
736629592
348872940
916848104
1965216226
1865750838
1299532184
1656846404
758743695
44692681
521643778
1338024015
477677788
1944741953
1314275485
1139650439
2119651304
1103833239
1084478087
1250434567
297516695
52794011
637655444
968585267
743305510
412744448
1566524636
1083161466
683543794
1430125254
1731693104
644441041
1296886833
1322136837
316771699
1170468250
1822915587
332825977
533606169
1250163846
1622475412
2068586602
621722005
149900960
705169703
1989093205
613037375
1027980599
1298788404
1573772750
1148712158
1981931350
381831125
1385944154
635181301
587277050
1595313494
1731124907
1471238525
601527280
93383467
1483629718
21591719
1721937908
125663112
1700124858
1641062523
1207757733
1419602603
1127944540
1654255775
1496681876
774843144
145261434
1360699872
911070488
333757936
1442192401
1043475173
1443232223
1857558638
915119465
678153911
851119859
1059232715
739885806
1611190109
1532529138
1002210583
1447092145
652211851
810664996
1234105942
1510866252
1708460948
534381182
133875438
954284612
107279462
150542548
470794168
71192578
314482521
1157155750
598703902
1006626354
1731135732
244747249
1691501232
1770838689
115326820
510205836
530259023
1407845858
172406505
481309013
1877311991
1830564540
993830273
544949080
1208905041
1386729422
1924928953
805638126
264533977
805211035
888894680
1082277974
114725734
236168934
1139004666
1881801664
113011484
229787352
1176973723
801612308
533491191
1488120940
2044928550
1988208481
2017785097
604368893
1249372887
1481748556
748138633
1766301714
1439021099
91258119
1497349518
154589433
1362536420
541632171
1759803636
1004065173
217648459
1050376375
1388773055
2018047564
789937580
761830630
1335601451
1848290932
1451771748
1110233809
1397951570
1254531498
837374992
743036809
1424771336
917035103
1149511816
614764911
983459609
1572138532
974116148
862429753
1213919692
1233125851
1500929647
743482467
1059313522
150938467
1794518899
1400230240
1626915001
989901686
1224386223
559842371
1398579400
1112045866
1961390631
935263863
392571404
1310954584
1719270722
1802455836
2025661965
1561476912
1659783555
1611704722
1785639099
2076574876
1611267595
1156010493
1721222733
962825330
1174841062
1587092901
2140338165
1437151713
1985269759
775676557
1874495106
1816714291
1481924154
1438419657
1997887366
1632508222
1026410390
1603204720
1846107889
1514836884
1107493255
1914379472
724966409
1826114935
364072071
1780960644
678238904
616394698
1262692645
876287142
1138352240
1231362277
212358460
762300844
317369046
1484359809
544399304
861317040
1897310102
764984176
999362788
638915890
1193322020
1758689237
701643501
527448792
1317757417
1111432618
1620427451
1065486991
1188585070
2010834309
986697184
179617625
1544963298
1852365190
1198172829
135217522
1342229039
114143541
16213740
101442293
463842678
1645098154
995452153
772795401
756349719
377400941
1085503665
619627172
457048967
26325916
1071791281
1034359606
1646417704
1461752772
876706584
2066384512
1467003606
1505011648
1149317415
741791711
255679224
1863097855
776790218
1609404619
1507269700
914255543
2106599061
594912661
198016078
144311732
1446285629
1916183870
1287799195
682537478
911812692
519973490
1678325511
256818251
1608599526
1418140333
2123323421
1899835659
91196848
983818903
840054631
1996063695
199451576
1025125601
1492738579
1872154373
1877894647
1070080701
263549931
1261249570
1519585351
903962860
1835673613
2021015915
833172307
2013421857
1125448502
242589773
228566221
624175808
740363834
434976231
378746237
1348503447
1413672438
130143568
1596112751
799630600
1008099815
153730432
21379589
1229529669
874631562
1962680735
83569426
978545422
1479900138
1588812022
1722079120
942931397
1736684881
1208235928
1478241897
1343854865
352500431
1882744762
1352006641
132383085
1431863407
864508290
1239103725
776118540
1389302539
825636830
556095899
1906483366
110579522
784642396
364635251
536615920
1243967946
401332849
2019284514
74988271
1843230910
920822639
732411338
57715105
1975226982
10431548
1378388442
1174406752
131870598
1009675301
1958601570
1212967562
1871074347
1503363668
1956485704
569879389
1228729469
67621879
378051127
1628512918
570955806
1894635844
987376494
1847644595
1994762806
1029484813
479871884
1332788932
1025907040
593823146
526930557
1020726883
1736392031
573497305
1761538031
1680923164
1585588395
864863389
1946738202
2005011790
1181449115
574619837
1475786946
675066466
178465891
1846849893
1068288516
557776026
1127437103
1335219344
1636829209
1619982048
2084799925
1120865877
2030998172
1752573248
1275159379
614401592
1354197012
1745672312
1588925285
1401031306
28640897
2054709038
1761474521
1974786113
917542283
801320936
2126450635
478686778
610021462
1596274836
1902506891
1595374070
302188013
1918582695
884557730
170353515
525629453
1455721036
1670196030
600597634
151689639
163872547
1494675460
1208337943
788309508
284063787
1315202215
12055125
679569157
897882282
564010231
26473858
55360413
790168617
760819732
1246239073
962440023
193944128
142262124
1478093503
1200349705
322636919
656701426
444459227
1061958147
324005416
1148318090
1426420532
1261665581
1981733073
2098457377
1749811336
1737273809
2018583309
170212141
591201505
1393491252
946639886
569756703
129568152
17325477
927309530
1327110974
2043876869
1668392431
835322325
17473982
1006739578
292768997
1284227078
164965159
221196354
1742102117
1430452833
869139539
2095540105
972516261
1394045648
1893179789
2035551482
1190458168
687656911
1913628706
718467240
479065646
171085411
157296944
188703352
299331559
1692603531
312480535
788843770
1459651950
2062551579
1607961684
1160852785
202037252
704051661
6306500
1130237042
1940618445
1954802978
530187347
141154733
1539900402
1941113478
810491395
494982520
676775295
938343934
1800735201
1960805698
664604248
1791648805
1250613428
1154628526
401248536
147409317
1134034939
334527246
2120756427
1402999730
937784695
1226250731
627705256
919985532
446047400
1443255393
1777781420
2120906021
1337655756
1748552930
904497192
1183021389
1485955557
282925239
1070126298
1605194274
1038914960
1109906511
2029314986
1566802291
2042242857
1009326869
1744485173
7441600
908037913
773994042
880965082
617289376
1409880609
130006853
1521452257
85760209
2076890681
607758707
1299474880
321434361
548794501
1343361869
1597368607
102309064
1207342763
381553265
487099802
888724280
356075987
1216028032
1842797879
1137603572
125607316
1003343854
1223805206
585351377
98027420
96532811
1423634650
286623521
1362484306
1810243678
173099067
2031941507
1328848006
1876754610
456842141
560477598
543293528
1991345630
918361544
484702141
933576061
1572953883
1529241469
743389378
1871123096
77707038
141867585
781109388
1041600889
1929479067
88404453
1920759833
188082601
96850090
1992306158
519817344
1812065360
1826719740
1708218645
548608708
1921793238
919606878
1816037422
1958332728
2142391994
2096951871
1184968609
1106420165
1280110131
1874724586
763821277
1515527011
156223701
1353116547
1977339789
343087044
635208727
1635735116
1074334284
555785905
1409076231
603719294
1217845253
157508690
1912219546
1625393416
784544075
1002865082
1941201251
1373136135
1605986593
1038860886
1283329075
671980886
192411321
2091099167
1907876665
944771654
1987823397
1065971651
1931147575
337166645
1098731310
618347726
150950324
1469814368
1337996861
250979593
1405738538
846930446
1648293934
268602522
155009413
1598550487
19992856
1236338338
2057749418
534170310
1679134134
941557115
232759734
1515170340
2128699090
365322833
1221553765
2016885398
1560378514
1565100544
1079549868
1702977737
208383755
1932580484
142836249
31116874
383072282
1097402601
161235080
1114589272
1217675893
942234956
898329854
667485577
1601890524
1326594546
345118372
1453140003
139867068
1731110862
640451483
19344470
645990672
1114425302
1044495506
1711463791
288002119
1638125857
1576349199
266044625
828461744
1423715458
1386163389
855888090
2027328435
932419200
1449510713
944033793
1695186142
2113464505
2070211973
197392380
2050278589
1425744999
956939379
2077281799
1926584191
753043760
888518374
374932399
1819710681
1089743930
1232097338
1375662563
87753129
542686510
1355602415
426909892
1025169846
839813269
90441687
600535938
1591930295
403419057
2131036088
1253974707
263708904
240622169
1889879876
1602821612
1508687304
445766414
230430439
1592656167
1161590676
1778240783
1117148501
524418301
957849503
1727298873
42879687
1662757156
733001817
2072210822
1016608219
1338761932
1012156864
58358406
787841308
731058512
897369135
920597673
1506692779
1245875355
1862701108
82603074
783991605
1032038739
1592720176
1389871367
257450557
63472724
812438476
121123154
1549154704
419005468
678033002
1161681559
1540164198
74806786
87957940
1382340875
870358107
1164160679
1854769300
1393856424
1333599158
1634985451
61107331
19906065
1728345146
1833960387
1408421282
1367824296
2146845348
1574627304
1905116108
1829229094
64834235
798216691
92904611
1911608122
1863243487
1666115523
1790814838
878547053
983097702
1180378933
1785566236
300802225
2093302668
322946631
1032321234
448278196
1883602340
692448516
1494678761
1506691102
1502142781
1467310531
1447954119
1978847722
1656822079
73339419
79136470
492389785
657996773
187292753
831070931
2066932526
1953611202
961717235
1753393288
1458757927
1964212765
1613906109
1897518119
432047680
1478312784
1806648011
1547959597
1205607091
1627840571
985254529
86968496
1711391401
1143100445
103460540
894671407
973358592
1033868764
1422737275
2126574915
486881502
1068732959
1960886546
614202431
1871900902
1714088000
78677265
833210637
883412024
431543210
1345854994
416507380
925709357
1236587523
1962433728
1315953203
1913022116
804941017
1066476287
390047308
1386835665
434841878
1509886553
1986427612
970463648
1040848638
1408004994
129640407
1752524589
1811095353
868941664
1870088530
1577023505
362642047
2057697241
1704067277
1364839469
2121426861
1625435202
1607379120
677386181
1381479909
972042611
508336178
1635052293
1097324969
295101062
469929894
747183688
1417500201
1629972448
1838219372
961893936
1015767936
1118963732
508187422
386450088
2139319963
332972568
1844281521
915973523
1894183738
1174224594
1256762126
855779559
749256585
1191917149
1820444102
1662977057
640589157
778767196
1651540673
903607059
142582024
580086045
1608086042
535815640
1509989406
162452956
1736428588
1927197380
536189977
1241914729
694546704
2058709631
117778880
14341524
14453922
2133843702
1648646473
1823537999
1888119197
1912073783
1489522484
1523017645
416684687
363532483
587936854
968757149
882536770
1863931923
898756712
1057904997
328764883
1649174402
1379958622
258779524
881965044
494186846
1227292386
212267908
579538703
522966966
1021714872
1671621363
423496903
2110427147
614983164
1477380723
1926370996
1394213900
771237303
1533402041
757449873
1865784993
1310203138
953441625
745328128
1510874847
377828606
1957219145
1821031606
1704131232
969904866
1622001257
821921827
457976661
1472377152
137396937
638498128
1960541042
436217027
104680026
2141248488
98305244
344149892
1682259543
310460380
1264256620
451754099
1922441889
157744845
401534899
1333989906
1910927475
1187397324
1522765413
1606505884
472204365
1683337666
2007255688
1316652187
880453765
1909468539
1301478700
1185421644
1728989938
1391785843
853645839
1952179615
1272546515
203720560
243854271
873809684
1841940413
1130352486
624177277
753101349
1527519002
1244252170
1654567291
69531659
1376403893
342261311
2145982659
244632362
614441748
650802888
447027019
1275794036
884788327
1867161587
1781905649
1801286514
564642110
475099636
364039321
1529448439
1132802235
1117079174
1399146723
915782863
1559600199
533859433
1370712517
1526544862
328034349
1951031901
418327316
602098720
1693850129
1007737248
65344766
1715735766
1906652980
1961492542
2013892628
663821424
1607305286
829668945
126450825
1962044269
1989573829
1502549875
464391373
85399424
16661321
1179820473
982987898
1002269965
356633037
358245001
642416997
1712006339
1265270975
1715370872
135410426
881263601
1858907164
2034096648
973753600
962751782
234003888
418420018
1568096120
1546473740
168390484
753099138
229795020
331666530
450714093
1878471905
1344076164
573192671
132881793
1643407259
463847554
1427871244
582932592
1490505372
1844617545
1647432131
800929513
1230299285
1499546023
346032323
1724240682
1463872259
622063852
721205385
1980979586
1575910987
2139019930
1472968810
276138021
254532649
1992682469
983512487
232714861
2061904055
958225467
62795879
119255726
1100904592
1202251970
1909298997
1940683262
699994479
1895555629
1552173882
1322802262
439839636
962770864
1858138771
45674371
581327488
2115216950
643817465
102575980
1274036529
1622270070
1543163791
258254999
478911831
1064720174
2098773576
497995035
1071950397
60003345
1452027302
667656904
407463990
1032794934
1634525002
402991325
1674424528
1696888859
334530031
1142797087
142697193
1171459093
1562311686
999090227
971272641
208989861
1614640391
1645045281
69786309
1478875771
480992388
463553666
457915231
1911215187
1504789620
421534877
2118581495
1169735470
1670563616
503130927
1782064
2125335345
1262169842
719316467
595031164
1357707312
1980006361
740308847
2073005333
2065041414
2037883
1484727587
173089057
1645999774
1752881004
1489910995
1706844149
73798116
2020145201
1709495586
938718227
27135018
633173168
260304171
986889078
1857752372
400868546
1032507588
96467335
157542839
1056114679
1364402992
107685226
1461144696
1230091868
901559319
548389920
944281077
277687680
931455692
656678400
1463356023
859461584
1255147203
572817622
202689431
2041846156
1341344242
1441250332
1861967661
2080265878
290389012
1798250605
284426320
76064982
1712924928
529427795
840324635
1940469076
843012139
256257266
1272183839
55904855
458588607
2062696492
159371303
1562651570
1631458664
386916944
726199569
307901811
256528732
1176641949
926037209
376351742
1542796443
152530526
106635086
1890952673
1795738255
1173430850
617310153
1694185002
969965410
1012839498
1981947865
1409941092
90044309
500707259
1286580159
2040862206
2143189209
133862841
1805272567
1028671560
575616707
1042908203
1368951686
1937411371
1367605677
1161938330
1194266541
434560872
1606951631
2132527368
388581663
1735418378
984579195
535625366
728253066
1706202813
1359703853
1114657854
507389515
277979808
1307201193
368724188
71945678
330411920
842991838
1305608305
1453162072
1203451301
1503539408
584656591
1129275506
840595947
718051471
1359468473
1916085268
449685709
369536206
837093364
1872336038
1605819959
609851742
1882664962
960201730
29844114
1185611039
201276246
340180082
989680538
579117636
961009009
2118201432
687442977
510929616
2091635876
1525894479
1933588213
1275136254
39335601
2065725947
1750903386
1955177271
1411133137
899191562
628995151
912628463
547700279
1124037925
2074257972
861688612
1615189191
735181013
2022874727
2142368880
2057790016
2023551659
1972882663
1587963773
1069141228
558488873
410691146
1661876879
283233687
815203901
322145504
1243826993
1313686134
382740440
40088400
1324858976
1845852911
961309103
896439994
178101310
428362911
2065718444
1962382975
372140278
680994263
2141869745
326052350
792286485
1384969481
631793924
1798934702
1077075420
494826788
832961895
1758370568
505071627
110922119
1516221652
1851240105
1827472069
1299527137
911182023
92206646
2014596772
1620223060
431515487
1904659910
519448589
680483078
1916094421
1183130382
1618058939
1486288098
193909427
408204811
351034934
63045414
369752930
1520628057
2024653257
114290728
210605018
1070874166
1345386768
876848583
2007096525
2051621616
591887050
1301341991
1542232292
159079341
1597349137
1741437101
64936629
83125827
2058248571
1409279190
1509153666
1803810170
1072329559
141027082
1890201161
1140550916
2074732546
929465623
1074400106
178540818
553215619
115622910
592229382
1849715737
127906355
1148230885
23205039
896761049
1446162739
2953525
1058511354
493638762
1863474591
137223381
734517679
1377745325
63457511
1474424318
404886904
1077074477
154006038
1895336726
1406472811
623850602
1433794054
950456854
948093506
1832331959
469320597
96657451
1784077932
1685662672
694013475
1521368596
464228740
879100410
1054003310
918955057
1250215745
308522625
1178353144
568943882
953698207
790497936
35300041
926071620
1747570651
1616136533
965097305
236979655
636365917
642188613
537542698
1316924827
1615686160
2114711940
1649539855
1692466864
1516973941
1268386021
1414106332
1123264264
1192807992
956728320
246916304
356736993
1662778092
178311963
114544302
2099464089
1579617463
1702348343
1296704306
393902873
290426675
348328318
1282902534
1377198699
907612321
1433546887
265609569
2054359864
781643007
854008957
647996537
2018766949
2120367469
1597476619
1731279112
882816760
1153479769
1019797437
2074196545
1047918721
1518589364
1484805491
1026647017
927533584
416703842
1750784766
285994250
1600318327
696676987
515945202
967055435
2061794493
1081972147
1668475191
470507117
949790226
1534637400
1672656533
258957892
2009694827
1312939286
1718224430
1371237326
1160265649
1451778069
1993905375
1383532543
1935421485
2028098628
614228138
1131885330
992671252
638919313
1504655303
1456197231
120512252
1012392194
510847067
1725053545
491632178
1076789447
2133543726
78691266
1858419866
159018285
401497736
2036181826
1083728300
1324967458
1142183517
1306122352
1839462468
825001397
213908784
1057710530
994735451
956370462
1134819500
1909710909
8145471
1773782607
188907715
129563769
1389097342
1109809441
589975763
1633836085
1788291965
1150777895
1499495808
1044305661
83277401
583565238
1855480833
1363313116
1768896476
972282449
1794016292
368080109
2113551081
1826950195
1949687834
985279452
1657574534
487025394
1892387909
2016146930
634336761
1070314796
1862794290
140872705
571300858
1237192139
1335852498
88627282
1765037837
1782305671
1636247402
1268275937
522549991
1900875202
1752406587
261176031
420582620
1617804464
929735182
1773016989
481315779
1681355037
1277989380
681572237
2028633745
1788414308
1156823681
2128092657
1009930223
179517815
1549979117
868588907
1867623649
2125717294
901237401
874514990
1946828593
289126320
757938654
1113223361
203641453
1450479562
1477925634
1834160804
1667600024
929472014
642458287
1305431
1484640365
421968629
1654343159
971818188
185398597
1915262264
547734894
651269179
1927245980
1286762552
1904185089
163954303
295610198
612598253
1868299850
1628755089
962319860
830278459
176654160
746603517
74832023
2065679737
1806715444
952221318
1440207236
2127229652
306213229
11135452
1803755494
1317662516
1965242111
1521886581
943382987
858860175
963021930
1382641868
1874367165
42350414
1852406951
956642128
197490207
865263068
1682214707
162337976
249402209
1812530516
499554591
1780965764
938389105
471412278
2019335867
1508883502
407839477
386703004
779163110
1162273451
609841524
1106860804
645306646
467424555
1042332653
389088407
1916488450
1857475702
1554465127
451544646
397516423
1795438314
1064822713
1904907866
1630512591
512020243
2026693888
1460706713
1558742119
1688300667
1361745763
354341723
1717278025
1737405923
1773855614
1430875383
275321892
1080581317
1012417041
1412623599
1918666941
1374906865
1969018554
2016053564
1742425675
1034951050
923143280
1073679147
130849189
633407887
1114260542
263952380
548033075
1188779395
775390887
405867894
1063843504
965306148
1084849489
1296823847
354756016
529429797
1413236222
218889021
1636573327
1886731892
1855676444
465403922
1653960774
651042138
987972949
2005800286
159174536
1402563955
2082092340
1040502028
1279962910
1530432164
300730240
415784537
1908939789
1128554719
337337908
1154635653
795501925
1026490855
870515094
745428103
629180850
604583380
778355352
608707648
1352746535
1591369630
531506069
897894294
436786782
1447931923
428120385
1944410696
1631427257
2028586522
1033021367
936374017
311853003
320996110
30501676
2062407345
906481251
1561874979
765087597
942446933
526949652
1268720156
715609041
1406624615
1794100168
581922523
1102024208
1307984772
1465795109
1584936184
1847548262
279609709
1977261542
1056403606
49489714
158892756
729066802
1486471209
839271250
1702335287
1655016485
393694890
533145601
232569495
456162825
257493352
605830778
1732113206
528450164
432460899
579711946
1572243105
1440360279
1947639837
1898078637
711425355
1974906090
1821067560
563083582
1846007436
546356095
333463064
2022690307
262970721
104512262
128316246
1697402029
351747543
1489291692
929855261
432654290
93705582
296670168
1686989470
382467069
1630260568
325797115
1318454086
697070279
401286659
136293407
1393287400
1642083487
373398305
95107734
619397341
985251029
891140617
1584374360
2055880476
1650476781
846008884
180996125
602212136
353742524
429417964
353155875
338960379
1663603855
1984615308
1102969610
210505018
94836809
1217292877
721327336
1467159541
683766298
1253830134
1468197173
690581104
1020571495
1294367217
1924863808
1153328231
1649404706
98644118
1382970019
895300849
1779066889
2050228444
13540020
239451655
949760005
492564068
131370486
758617926
66181382
1656697845
1214272849
1894128752
1375123936
841902576
1721965685
2140954114
2027173579
2060864982
1745799028
144847938
429432061
1166374086
691936737
1452670558
1020985620
651286196
338140349
1638740642
1006255458
101779212
256740749
1842802774
2119057756
2025106008
634691574
385507828
1509532748
617989012
2116399042
1302660053
1971296974
148966002
757545889
1101194743
515210115
786519791
530440267
948418282
827616276
1240007980
959268629
1027809546
1791493842
1977330077
992090344
1380252161
1615983879
1441306698
1293416739
1059896362
842496980
2039463440
820518852
565020304
897755148
998129695
1363806894
1407758789
1917017670
1612918349
1635370928
232002876
1301222452
1225172597
1616881442
1964793558
1381306154
936045075
1828342951
2111390201
588164175
1176446434
1571350744
1873070448
627174534
1673526668
988893855
1092337823
2136826440
1805533079
5183921
1332059174
2038791897
251396914
378643270
1983525124
947454622
188229516
392066053
432393707
95353529
2144568187
180847762
668490287
1940497591
551630266
1763045288
2049432781
1824834511
1119562539
91852559
1345824748
911218103
326380157
2076377750
1767133685
1040150260
389479678
847051153
1395728011
717105379
1446846803
1576090986
1876538030
243702936
2057915728
1003026705
1966915256
62429392
2084159029
500855428
1357549113
1788360363
1576803793
1797923724
938766502
739450237
916620814
932461893
550304408
1132335931
1908413175
1964866491
1669598918
1907080720
37834112
856087664
222985697
78603670
1529435941
1007577152
1437767344
1981119676
1981806039
1144460464
270180506
1358996262
1888592075
305711345
1758081062
952887698
709169697
1531925445
1949400802
94210484
962959809
1834881190
1563935171
1954015894
1481994170
424255036
620009736
1702331798
2085472643
992159288
1759210765
1289797658
960292002
1689201645
376108208
2013239801
288703282
377390731
902992824
1901928735
2021497983
738305542
144938637
279182520
1994424282
354622973
1265149680
1728341731
1673534650
1106705890
915861959
838474956
2090662806
607676418
61409063
89721832
1704934730
1050684181
811001344
1766548682
1721913541
225381206
978129525
967818336
2103534961
1577789679
342108613
2091620655
653920459
1135886144
1277832733
2000667845
58280113
2140658612
31789445
1045647452
1090251324
1564625998
608966845
1518961835
1424695318
342100427
1867173550
603939014
436672819
346918778
233448277
1235588650
2061746320
1531400800
575294153
281462938
39329754
662755207
1962943992
1619741194
1929637136
1451906844
1651070849
353846310
1872497745
1221684608
2025786449
1358631439
76805285
1856543509
1415710577
1341172405
1939173962
1552884067
1776251318
262609268
1472806545
1058584577
1445226411
1278877509
1253765504
1508062125
1116848925
1531495068
106391872
163521381
2105660072
1576260433
1894320288
659234541
1926815926
1040948648
1252010773
833123399
1222180656
203642780
1265044563
1951686732
1335293332
414365825
1441596678
1641464039
1040373391
555204129
190409065
638562780
1241395502
2061668022
1785179128
1274066558
277801419
1117005202
1476854366
1970215671
704052346
276543236
480393622
1154857148
639057249
249403506
165330709
459208615
207410295
503799677
116316179
1824755187
933723488
2010308447
1641816376
1830533926
830675862
1211618019
1685437620
1446246536
1788356700
1815228171
1579964213
741581809
1825059407
902827084
144980522
1235916684
305030584
1016779370
135582194
1488257115
1418040275
2128472058
1214796743
189320928
974993844
1209410618
1588900176
1810305776
1682515629
1487324982
2062675380
1702760255
263889361
1980027218
847360291
1280598959
122951145
517387247
1844782094
2059467365
1062264619
937112722
258743370
1611823240
177242168
1249173602
1592282243
341916317
1592655199
1721590523
170159416
966172584
712452155
1642672228
406790105
1509454848
70824340
1589820800
426427949
1719997467
1221436523
1077106448
2120636327
1609457517
845954861
2004887837
623972790
645328385
1608634765
1235429197
315006168
1139710375
2120187798
1472997624
1035302266
1893560097
1175232743
666836373
355067239
1750941488
932659077
829056766
644039466
1931099262
1071879456
1261107618
1876180004
1028440386
1214431335
8692600
1437598378
2067238275
1050978403
911120599
1603490290
661319953
1633200935
463791632
115426163
41185349
1089150731
1917030073
799017760
701790808
952804024
1469842989
12374368
1700814433
818291506
1514906885
278718233
522730353
454850136
820115282
1320368475
830262307
2108481816
729968604
463167382
1867146505
2104815089
81581707
794136116
1696970556
489942031
1536122798
715744509
210434483
2127502327
878929777
98422257
119183615
930716593
1447885370
2068682951
54224827
166319430
547242665
1087611503
456648042
1247455239
2094986915
44463676
1473439566
1377485796
1340188606
57142550
1398028544
1031120399
1807765665
1894815094
707970061
896177461
490594983
1795361975
12812084
1573148149
1659464469
1281287336
756107164
758388803
2070945138
1655473919
668236448
529015650
564683129
667725067
1658867698
252755924
1624127340
557833907
1802636777
742002829
639600652
103571480
865688865
2003817505
162911758
1748144496
2041428332
1898443269
1225339077
746812057
1314190698
884154364
1581990846
615693988
530720081
718857506
293234705
182578108
1201217030
714771040
976263469
1438821069
309365456
2037440308
1959436327
1440524951
947999054
1007830867
1062577414
1886983924
1407069889
514826282
200401656
1631682394
1832145608
1042863447
336556690
969707678
1415207758
1523930454
455385644
792256950
363501260
1377802791
1731875851
1753215271
1083657395
70022347
620088064
1912324871
1310157252
678089108
790149720
1135694923
843551704
1097143515
1351364662
309282517
562508752
2065443111
1231215128
182345043
1614247559
577090115
896235894
1978613879
1695188428
2039103295
862800048
2110785784
782111145
1869252468
1409961463
1012043027
707074883
1287232493
347709130
1656165166
1774784136
137604429
1134487639
1400232064
69342964
296169792
168851084
1432717210
2052871192
815340097
1418060575
1381556635
608071163
474680209
256176496
751410117
1079682508
554083079
1096771637
1358854621
247077219
1345866174
1668335753
582856452
1978664878
1796879196
1768504997
50288311
627278457
94724651
2137394634
1330381193
425221320
1234872025
1644557821
559153471
1857197871
1417668193
1247606050
372105350
679362208
680201935
1001058041
486798101
1229880204
87958134
1849406093
2105045010
943079081
474777742
1478820055
1061308800
240502918
1766493771
414508863
1422918173
1052266186
2076278251
502996466
154455969
2128153623
680476543
142502573
68569661
1914487298
363572976
1610896812
1912403456
738221151
1073592954
832756259
489128488
165237070
1782284323
854533254
508655925
1145580788
1428276278
1179141178
1605865867
1365203224
1750950463
517668246
1279347824
1359106301
2007116469
78922688
345414204
576838986
1830167797
472821848
1126341082
1739079067
144919990
1054113014
378176357
606127984
2036012236
745933479
100953977
574573170
1648173069
779350852
236658115
1153149763
70488469
455540611
718380863
1986728452
1834706404
1822566020
1872320224
883837323
965770495
1214838578
649442798
1792633153
1107170528
890055580
964884755
1383570421
1513925347
2083411965
1512766506
705160153
115999701
1422542106
1182040734
1069437128
290768913
745229504
745199394
992888002
1947563055
468508715
18827078
193610304
412618486
1107677512
1174225050
1607692459
138191390
1571484308
1244714409
2002750381
241023349
1151336947
703641597
587292967
1424113937
1363065241
1037954438
4848852
1392261829
1939369581
1568600504
1805388035
706969244
277554540
1615174498
1100473058
379149607
1478390920
964545906
980871581
42846463
1185519175
1081733477
438692224
1316860331
1635440966
1282454189
1317403560
1405487815
2125346482
1449865392
1098099217
683421414
38345401
802396244
1270129692
997383891
351501041
1496121592
423263339
1441184727
635049735
710932083
970933132
1744068221
10006532
1004070789
1201944363
707912013
1323656063
1157786845
343264830
1560053744
2143014247
958976672
1352115696
784786708
1773325527
1469184577
1492004482
1012253838
1596194913
1132301161
413631155
84318743
847520325
1381552123
1769033971
1274180100
194417540
1173097724
1496014921
1475033143
89056266
612885769
300428915
1407740970
1716828753
772874292
1692009104
492391489
852663847
2057197425
63150805
746171064
440574062
704852636
1342978813
1105514542
772889851
1197006448
881812212
450042064
18176985
468634444
1037406654
1820700755
1022995660
1383433782
1557334562
1481555798
91628959
31350376
1504327459
296153082
1239391836
802376762
474030753
1803666380
684255142
2118392517
86603664
839764250
191039792
1868086804
967041266
2137546698
659116940
240065894
476977215
1002854920
2003941859
1050846525
1232337355
1908094887
951121220
1480789211
716164925
1001578022
1612560950
1676490544
939209894
371472795
728861460
179988957
1063795398
627799658
2007026411
1292772199
1777966278
826170567
2076949509
2050264779
459005443
1903134012
2065494654
1473611565
463021214
1157110105
1271144225
602953871
705709876
1122411228
1925416664
1298219754
1894070689
664182705
619220578
2110959010
1149164046
1268926975
71851976
403126143
1929182335
154656482
1101763100
1059076784
432381768
239771054
1903415137
2021486892
1423281318
89827581
1629237055
812856368
1326698096
2049474987
750608700
833834392
1492943809
2079149082
672020083
1291441360
1086061173
1958736811
130141321
1979994536
626043846
748530886
2021611401
332466928
877586841
746796673
2002747448
2115979245
61080367
2118011561
2136728552
2144517053
1293119745
756072864
1455171488
599969379
1176936796
1678479879
1486237719
1894843273
1431552369
2010412310
1729619008
1106661504
727982399
49879784
365877428
858236857
599287615
2031906947
910941421
119814382
477678214
1160402516
327706676
1410109122
129543509
1691818799
373716054
86276081
1393828228
1480231900
624924248
1869114631
1699669837
895071967
247718270
1770621362
1429000179
1766786202
563680546
1403752964
67522936
1899117976
768580157
1660546632
584927130
2107375005
137039828
2036559045
1997694457
1845036293
1464052660
851857552
385455634
963436534
1827187087
592800805
519936179
2084379396
2039786806
306034291
627865783
1446325415
1296745782
1727063408
438100680
859016652
702023219
1647015840
1933856437
537003707
2028487098
836926893
2060313885
1956059232
2059485719
1756243025
804848238
465785114
993444898
662938026
53339920
1276727617
296172833
1861132069
1985083745
115601567
1687152122
1307145774
2107033797
2096009526
208413490
2045338690
824929259
905848061
1203488627
1180792411
1192098932
1895463214
840208122
1275109612
1755632563
1685527549
1968860783
57571770
1443772058
315450482
345536999
1590265258
1912013664
1658700983
2015728900
533985864
2052410323
1500976179
1978800788
829060378
173368599
792543903
1759273309
1998668544
794569618
717694462
2043898284
1835915224
1164157048
2007984807
2116541294
1144623414
1952439808
1530375647
902579282
64027992
248530438
639992926
1343762360
2145072559
583770782
468506421
1781833108
1893765817
1871706459
787843801
1835847682
1923241974
1879592680
1567172353
1619417819
285783690
1059423952
110111995
880600175
246206907
1162114144
1864398314
1116910067
1702981916
2073682505
624875646
1556963472
415331909
1252507973
745566206
324973989
1628382052
1817466894
1134529672
1714350346
531516050
1824491198
1275864071
2101001226
1264409679
1851753324
1480952856
2116544642
1896301183
266917084
1983084176
1590574059
85454132
1436382379
659598601
113384992
1605325012
283173876
861735607
1826051628
2036576242
1423882871
178514468
1926495190
828173667
1086470008
515327109
67509394
1264530898
2093841252
1108826616
36533401
914606479
276477147
1450840509
897710334
1730078114
1690420040
896333209
344134689
1529351903
676409675
905126866
1646593256
84903488
2044343051
232579289
909414797
509673540
1326858388
1293937996
1428104518
745343679
899070039
1533509723
177497854
490828248
1071345858
71937574
1936159245
1995530828
650364523
1744310878
287761497
1820788161
1969947887
1568610209
1825481904
1052016917
1393419285
431810854
1892726030
878505034
469073952
844659555
1514606899
116015688
853029727
202764044
1616938340
1531034698
1654454274
1973267920
856554493
824036892
1489511283
1852695730
2047016826
1323954118
2016360542
2134552329
2107304323
959190766
1590771458
1867691678
1308825291
1453248713
1557565290
1768911763
661981744
518651526
747895578
1439785747
1005025458
1011510659
786543900
31125833
2137849837
299762786
366828344
2112422231
132775901
2014122649
2029662420
1577922119
1729465902
1293243636
1644338331
534677684
923545926
80238907
1928542847
1125815460
896891992
77078348
925012324
2137655197
1085979472
1818569518
1295862391
1922468789
1253936565
1805826458
246744546
1780673242
480101867
1908106858
942992893
2013857378
1089586514
486225881
819626748
1761709728
537844808
1999236105
2098180175
1845977915
744171014
1286845438
446656690
1409137807
1579980317
1076695705
1866167086
744631570
254532131
122211101
1496582540
347174277
1012953397
587326724
487168986
1400295152
1849176483
1955280313
719776166
747104316
1201206336
432531079
2125403930
1161347067
1796928069
896140607
1332604922
575732066
443814509
1621685484
1842074640
612870115
2143369079
1736605357
179702415
166281209
266936168
654131705
325140745
525700463
116115774
1256749334
1910755342
1733469935
1858014803
2072727586
1574214010
1540630106
1120740403
1309852202
227959399
2139241785
911058816
1574180554
826413566
64672541
181530771
809189620
1032415014
1375102931
1213684061
2141210989
881608266
940975485
565096675
299454802
1972194342
1901098276
1412067884
357260309
840367591
1060704586
1015144905
1411846784
990688510
207215742
2133772180
916277248
1310124168
1021617795
893068406
1442618420
708391274
1260302472
1780083481
1524528668
2128932529
323761992
702460273
1560683064
1673632009
1824647046
1968635559
554750025
1231740202
830472723
1366415105
1168442520
975752392
1470290325
680879915
833919362
1823329427
1506835961
1654428632
443845133
903409948
1096949602
180565385
1211697927
1709572092
212818835
1422155410
1951060227
93358277
1917135366
1712941583
1202741838
391313151
551310086
872671100
2055494306
1105055169
1539172500
607150751
330251578
229152823
1632541277
1014913817
280854537
1103287091
844620307
311537123
1064843079
492226491
1107371927
979597799
226827999
1978948154
758755768
2010819612
910497777
1150441392
442049112
1238890055
774330396
2098230458
1371834359
2141719611
801093853
35247168
140335622
310962988
1772456772
195067833
808712312
1387949314
1057877951
390189563
1025250009
1089023731
1870580660
1771926840
157114834
326064678
1357119762
847697396
373400617
481400194
171480579
410357521
182874221
897907835
282777275
558164090
1537710283
916702561
160878617
2147482781
1026561077
480075755
1592166465
1976272551
539573540
1083912233
1399659744
1979071307
669215719
1375883586
43453915
1312744509
256728283
607579807
549256815
2075264433
1602648307
1430579843
1930230139
2139549641
2067381960
556914565
681035283
527456508
335877085
1582781782
1371343045
1238622230
381157157
2128924678
2067891643
1162350606
236157519
1867036901
924218785
1138677717
1360044092
433916015
1000649797
1456866086
837683667
821979509
1808274361
1031260003
1030125195
177399801
265833678
1889326921
1288728756
170374825
258775323
214630182
2018754900
678236500
10991856
2004346565
1990638688
564299031
1743000356
894271509
1696098328
1360145808
848432612
437642838
461808336
393618732
1194201696
76066583
1797637205
1153961172
1819000202
1347180719
776950896
657504908
781011336
147606744
1702413841
195245034
1489847877
806686772
1670583315
290047731
1007725213
838958941
2068153945
1738754169
847482632
1459339903
1671325263
481345872
705751959
124453292
1925588790
1660356663
63491126
768907474
811271391
667445856
2007119372
1433267943
1777231282
1176231281
710352626
941259432
1884972861
183663323
804646510
820253722
1040154858
330730803
204083143
680698295
867348368
508011401
264040482
2128031124
1071948548
11558560
1393451088
1262059086
1109001883
1745997057
197306986
858169238
780002586
734243947
939689869
1183829444
366360385
1353201796
192104291
187949573
601215522
1540101646
448734398
1340815407
274795054
922505781
841795403
143969370
432921659
1000726267
470295417
566855781
1605451669
1005726309
105245575
946976240
1449816134
1213246329
1480558462
698460382
835095822
329743328
56637640
574691171
463931334
1819933529
105788970
433146296
184755376
123504364
1910078681
324619469
534043067
1098636687
1335793313
299353667
33797125
1481776741
966212823
1052082966
1809806355
674935861
911839035
709797116
2010778586
1422406385
98113953
1487288387
2066041921
208551784
351082154
1757533681
1005181249
649103209
741122485
1247433690
186134897
852586734
1867464654
928584609
1832102984
493231060
1869294958
2079672179
1073466209
1741147398
1738737826
1343387782
1116071152
1304457367
1173710099
1131941993
1224743777
902261557
1253981491
566210115
391727915
1726614375
2011680220
705829621
1792913281
1036314783
1870455172
862658385
428687861
2017148442
606035836
1578613931
632164281
1573741974
436138264
362179138
1931848395
1340413026
633555051
571717313
981170815
1744986564
159957209
1455864244
330666959
1715048625
439429873
225411410
1460138040
250190935
1109776625
868569161
848985243
1478960822
821353777
135142283
965336597
842275583
1589877737
601267018
2141618873
1061243401
1627766957
570525025
1679844915
669864005
563153451
165275486
176667568
179874185
1680684016
586184871
278016330
727570850
1100818388
2079427932
1100591457
1447833666
589690495
96658956
1171640776
1473101649
1314543734
1252534852
118470086
1256440857
1647928500
1078339465
1710833666
33135484
708801508
1974025930
812089621
1585060681
1633817806
381952674
1706749591
1211683908
28657492
854010500
470215727
337983139
1045049665
487211991
1664500317
469713345
1076279779
70192881
152090694
1125798892
1509448352
1497837967
979903836
1679882338
1792995077
921918176
474769695
1930672987
699809595
1984177746
514256110
1522500696
1717105373
406612989
551441309
1748419694
312298939
1416106968
264048136
1870432568
1453678674
665712564
1046589672
298876977
1334892299
2118091905
411571004
1276837723
1228716167
1920710062
1465448265
659335368
1987617436
1862524430
481577868
718477230
1151335749
2116431549
1462839466
865003373
844275756
54221898
165258493
259441457
334314317
346090456
1763469821
1581951353
1886442170
650478748
1542419887
678894965
1449506028
1489807449
1885412717
597743335
141383947
1745762945
877942877
2005240327
1384531896
1096907645
546492519
983161081
49471709
893251139
1715102135
1797715700
1805266512
469884251
561195802
792363967
1927329859
1389785240
1510861669
1173128470
981186259
801477304
859282625
507364147
1220416348
168344614
1633347597
1995479173
107433759
2105248531
508664892
669247453
1100766839
1922377612
351353684
704905250
421408498
984524567
1495836801
727751915
1050229528
1282543479
7331581
1699438935
2102812988
2104379876
1268470675
45857606
1309796692
2079609980
820461231
57500663
882181855
1562076605
1943977186
1847310492
287401414
882852418
1481351937
441588673
2133433008
68311324
103750
1448076326
1944920214
2083136063
91736780
76801904
1502490528
1858452251
617460771
1324097456
245566320
1160424100
124742845
555556227
782142500
1077267171
278308128
132746235
853205971
1966980009
1282150313
1771482575
2041872432
1224995754
1807443183
1085754215
665280938
1148748122
596491050
1311519482
396056410
704583978
1865660283
125400348
1385227578
1958747493
1288167970
1896286001
1080328190
1237953054
1504891804
976126030
672370184
869829611
480481506
1797530822
499609904
1952120345
193042856
112686783
804682946
2001109674
1260351442
437008248
818174612
1727229614
1375172447
1708067540
1742592860
1743006871
1828163492
1902626304
1246284041
867761330
427472294
1055763258
1287125829
1591189836
873507446
286619497
696324228
4542453
2110877541
1085490235
2127854767
80246689
535345901
482770871
1418274726
1281397678
1442272287
1633494000
1865156998
745767725
1981438751
364667419
1354590440
851717692
1122520870
1202605416
288162692
220829230
515243665
1480643999
2013482118
1777521253
2115658525
1791317088
1481537157
714470129
638600166
1153492150
1646332306
787310217
676744011
867784758
353640766
63650463
211100384
1900501852
1540889417
1231937920
565753717
1823261408
479689451
1271702456
1166471038
1560645131
2112707009
1780173022
1461078232
688349327
166713761
1605854617
1891540286
785248673
1714234043
1570299425
1783767730
232627254
1724053411
1625576689
1571697757
493377257
1188001530
1833676577
1944711058
1449343219
1632549877
476915339
317418779
1606810194
1685262969
2039250254
1419684790
678121058
134183798
930369566
984599460
142627456
1374646019
50660195
577971830
1048071642
1802554196
116777399
2139163314
1001485207
997569971
991931544
1539858210
727820795
218565017
1364844578
761068465
25751204
545617471
527706927
1587320393
1183706789
728795013
2068594883
1313787927
973857324
1893900546
579793185
1004510352
726810467
339397736
1351791146
1116421079
1915243060
1436428837
1733232054
1152176097
1908435734
382332173
1400890324
1254508676
2059184909
1019748739
342409960
993212989
398728210
398445299
853962103
1459610620
1671245887
2039111815
454498907
154142263
2138448929
1077952042
589198597
926424980
16177899
1120152412
2098681129
641801297
1368764978
1147227178
989807621
246538451
1132403501
1561681499
891401783
103337480
169588160
1512707269
1117503711
432853009
292413788
1102174448
1793741066
739246172
59500509
272999423
552166355
1008873434
128813390
1505080477
782066031
830107284
1143413440
2009130386
766848329
670693323
1719136104
104890072
1131678361
1161272503
773050200
1281425890
1404280809
1078844343
2025466673
2060783556
640013740
1885138796
992710706
908997572
2011192763
693176052
235113793
473940570
1573527717
1786672710
139546222
280201299
1351841770
1583199917
1939905622
261519018
160793511
579393673
1993349013
235512268
383510598
1598354011
1344047103
252148639
1922137580
667577331
1586656933
2072743565
2058838121
1179897486
1487090019
1754004362
635528048
1927063775
751906650
1459334391
1619556598
719756085
356799582
1108065135
1376407215
2060032409
1495961583
2078497849
1157470724
597113587
196113678
1025031223
1339258691
813342904
1873513010
1697581689
545810479
960228059
1388034363
1993279091
620671014
152484719
454682906
249795910
787620119
1756744031
2093216391
1920894928
2105294653
665261488
1819688623
1708947055
159704240
972655367
1837756598
1151880091
2048077442
1553411717
1027271304
2096837260
738769797
1772409905
36826453
1769728975
1948611144
851418127
1731610648
1173896688
1239591100
534407434
364374088
843983391
172696042
301687832
2067950728
1538342520
1141611648
1931061062
126800237
2138465476
893223732
1579277337
907004006
2143603147
1346941024
531177978
1232848326
866467022
2068701093
100405945
1552399261
73864631
440968209
330624826
1841727757
1731271372
138428539
533602210
1383508005
1383790400
1176630832
143679900
107360155
289489823
275399166
647634555
110211083
1749918352
1441029916
1523799764
1351200225
1141903535
1839421458
91204746
1606522296
320930531
156888310
1786033180
1334832247
1764824365
717341013
1046956247
1237234296
1487620161
2016807070
1150721634
2144835602
349388507
1650259198
1607738074
1633441716
381276220
1542507923
570755481
204278329
1359844651
1189423980
302521924
124131271
854492692
806905937
1919227369
531331863
1804159148
51356707
1913720330
1790200746
1946649512
1365774071
777814522
1400103669
1682785169
1014032087
1578657348
1169198584
361608671
4194678
1312927509
1551526551
775345752
986283394
119661815
1381818827
1380538365
72437597
1815794277
598903481
1874739069
1526939735
593833453
1722983815
1456304615
820207274
2020449112
602313531
1532437893
1205975137
703808014
1423133277
860284073
2134572811
2115188851
1402526992
1211623862
1635614593
1901638599
1300340637
169450741
1123994731
1101068009
2011127555
980089220
2085561870
488644708
1372122148
1068250198
2077144826
1145448501
1301181775
2704796
2126230326
42004974
474498063
2128112379
425893147
365722020
3463032
472156891
1327470001
743665518
487429148
1671341493
2097468641
927580625
1458467405
1045295642
210798739
1634515683
1807427790
528058338
187230449
1080454006
1065568540
791293652
380660953
1706221274
1795784604
1783193448
1938375534
1030035744
783141707
787301555
36050925
1511191168
2051871883
2022823175
1029654387
2095046097
2112753839
1462657499
172855202
109596015
1981012593
1678565880
309632899
1317935575
809287721
1652983944
621256800
1475644952
1388673350
200948969
288651167
2018499108
1079078794
1224912681
1401478601
440740072
1379852056
1085376944
1573579625
1462576016
770228390
192556977
1766841276
1375341920
326166163
1118357111
32449664
127693143
1502266777
1896809454
639248932
452665123
1103856569
961548128
2090236215
904588636
1681358481
806918088
1556488406
1963509694
1115137935
731733488
763563551
369263682
1504925097
2108240709
988230718
246224143
17114867
579893374
1082889835
90561433
1148480672
1831758088
935685269
429247753
1213282952
933826011
108480260
1032192138
1771819895
1512748952
591442367
819315244
2022294254
609302706
926524062
1619564380
729218890
1619580189
1404855327
1736078982
207721282
1435256425
1736343019
210750362
1699871244
1849339422
397340178
443063565
1509106731
1251871215
1090375258
291716222
42427165
651850915
1494722118
1418292943
1225570250
1951814409
823943153
440316300
113801451
760885698
536163835
1988293202
303601223
1162774686
1109971615
517239765
806150173
1776546953
934185825
1048536834
1180745869
761401227
850639842
385677712
728741330
1583477140
842478321
2104818883
555049909
1647004371
267926274
1301355089
421186209
1341738640
1577156819
148638959
322915628
1292603667
1442620265
1285869302
1678628954
2121552334
1661310519
1473314049
1751091279
4774019
594176227
1520651963
186872665
18677663
358743135
1579368865
572636010
1409552189
303095928
476498931
1147357472
413056530
1337201522
1125984943
764536905
1756675398
1386194796
2107580137
338301474
1259669000
1258847488
885731602
480962411
1919750701
45202644
720334406
884255025
1086552045
1654394481
910095937
350156848
368065261
617191335
38348741
1028317575
1722187238
701272169
142987984
991549125
2037535174
906933130
1518804967
785940165
556909032
60941444
1615895020
1817944835
527697945
151366041
2120528723
619483118
1252568145
1995140462
1127952157
447763299
233309433
1946623545
193514993
388890277
1773366364
927112079
147691331
1175723727
29451581
2087873999
927017833
286275750
1720528792
1422182480
1169684829
1084542469
716825026
2045341668
872434494
964345452
1339484500
1833760484
1391616629
691672085
545044246
1883931203
1486706810
1343898731
727347110
135435966
1104157125
236931348
2077583572
323600572
1490011496
1890504718
1688432390
1622163664
902848760
757638832
1346144498
620893646
552166215
1530053767
261320089
1968985271
1291358029
1934005941
479557055
1263371144
125619964
897775856
1280730631
1515444557
1233318337
122928307
1437376442
793073954
651313990
594198524
285104792
477773044
1712803956
1313734293
349849991
668212433
78649618
1395489057
750445149
1035663168
1989084352
1386445850
1055493436
426174254
1612371032
1929270973
537398350
1036330513
397363978
208557026
434486995
1549635822
271850895
874466146
1071764415
322995856
520228883
1094312154
1357778398
390253133
40523424
1381142202
1447977211
498722163
633530675
676145333
1506899106
1878515957
2099259759
129617846
2033950993
1295165023
919917588
174113138
850211050
504976144
1646159390
745952880
1769125015
1238321656
279494769
1021415380
421195311
479820397
2007487573
1981126833
1376955750
1622220721
1195389795
315954111
1567283493
535735863
372995977
566669389
1591120051
1451446544
1000260070
619836669
559089474
541568017
90140810
1473649575
71972686
1810828153
435686731
1457656867
500807438
207130735
1886262318
2109280798
1134952412
1388627466
1208648241
611673783
48741248
1824998215
1423681029
2115525335
1999662920
476609192
745713593
1133499300
790212217
1552296031
865847256
1049237395
1839025069
1653223812
1365346081
2117969635
757549845
1317474192
983886802
280389851
1826593694
1871502748
1704248027
166134942
940776338
1103421073
470714715
1471453954
1358056156
1425414765
1672043952
184614994
91854663
87643894
1349038065
1231699384
430215338
1817798498
521303796
1634713661
1821178265
274053523
744527916
1203531727
200214142
1647216425
65660570
604459468
1832193829
1258551544
1014939434
1702231134
838237548
294736355
259314642
1838203290
39375778
806396582
768711957
1760505913
1684532130
1439707459
1576102705
1343501254
835545660
579210810
1964341873
214792830
2120855671
313698248
1285891991
973355397
1583966220
590098288
602747339
729260377
1212531289
1024033808
2054037745
382923828
1748047946
11099325
560592967
1938014741
985643753
825561071
198460046
1555932986
240953958
126894024
1865617256
15236400
1285048561
1231775418
876937651
1898307381
123269210
1576253265
895757423
136335349
1797889965
1401405780
1162231597
1907088511
13497505
610954324
1629434938
1144074789
561741134
649338082
532960882
1273021465
595460383
290218683
1724726570
1196726144
1560907953
636146198
1850267998
1690501934
420178307
1432558166
1137758389
708764628
740606657
481976145
935669554
185628704
1048563089
1742927810
1289186545
683229913
963323116
1360650421
2016419801
46923673
302092763
47800519
51721803
1133636059
2062837729
730581841
493494139
507543601
1282943445
1858455818
2142716595
377619311
239095205
949023977
1215056746
746668944
335330984
579772359
1056068368
1156477956
1009837248
466795342
1369121101
1765550033
384928624
1057010519
1602286884
428069669
1069233184
1348228865
901991686
1834044957
359695079
1203354743
1114028332
1841308381
748887895
448947830
1770015685
330225473
1677948218
648257248
478230971
1150795816
2067863696
992902511
1387511889
622489029
744267279
1263768131
1291552980
2067531502
1796882226
1789002423
2057243314
84222310
345998136
1334789150
1285077290
579849669
1379966704
1755538279
1099029735
2008056776
1329275651
544291869
1474793970
1995134816
1836840388
900616657
503771956
233862682
993936502
346317737
1032117866
1945882078
878419846
1811328127
1130807281
1345704545
1741017580
593869351
817960223
1037991358
1603238167
741171336
1940640559
962631020
1541873085
1078367077
299630555
260970411
365900930
271583502
583392534
1184560691
677287895
398178686
1756147811
1200110036
1104263908
348829120
827348882
1243372312
668325807
1318736035
165090468
1249427234
854088826
186680330
111840180
1449602202
2139160512
1232049869
859153902
21809165
1485751076
249409735
439098998
1724396342
1115396706
87603696
1524647319
440912510
960308934
1118271805
1836954723
1578321377
1292336397
388132854
596746294
941569272
145034043
1951010437
829859539
1334605520
55648292
899425725
41727637
880757003
12924444
821608248
1481531139
1258618196
1495506858
1613412827
686120184
1399411472
1250292290
191813018
857016409
117435588
762828771
13300433
1728482666
1684432851
335207539
1370013039
1213642826
1323242570
1813698864
241061165
1005815537
1051547956
1172709978
733040047
94981490
748772966
1589051855
1892200933
393296627
602601141
88007529
1380300200
1360325367
1445000383
1330960822
37678352
80537580
1917024218
62110381
1832870593
1097254361
686346928
1285932868
597011915
678407225
1945244485
1342484252
435374594
1548676450
523902188
501577835
1297595993
1442235135
68613111
287006985
345925516
1456709396
1750357178
1052020955
589626427
1279477690
421706192
17869213
326577876
483614854
1967547349
1338204717
827826982
211505004
1709886421
2019867299
2132414642
858996376
2108276400
692437242
1087981101
1526425154
1827653725
1182652575
1474824563
953587976
1500174249
1188029512
1712893853
1675836848
672796023
1149311634
909337165
323815682
1426188336
720845474
1809836363
1787777898
1349226079
285042089
933623285
1602074559
1257568163
466338161
1322382356
1929573950
490562178
1517156282
257477199
1510566919
223443014
1901062783
432205990
171387385
763156504
1758625004
787556991
1424784356
2024546202
1331892209
207967568
1356451982
988840891
1991593098
1742722685
1066910464
827522772
2100927076
883810366
1799372489
284127507
1016483903
1049464188
1020645181
1521833994
1889379587
1923086527
1730512005
1106679591
2867720
1835241099
1229067215
1293368162
1751568339
1387548681
1821100113
1271672687
2005548771
237180800
516335365
555604443
484423537
1018866876
1176972214
1035783465
2047029084
405702749
1668083946
1534908167
1419759928
1720913228
242589436
32682319
141488073
1930940293
42468485
589724301
1886282477
1014387717
47082875
167542269
991224993
1514532987
994219340
1110888362
1160240832
1997567492
1922272857
1008208191
634945866
1292549120
123124978
2111293171
1243447306
1172912097
2077045413
1838169359
651991298
1812912457
1322516068
287325884
1679522932
52896773
1717552647
1706002575
101793302
1987075424
1937933224
1811224430
156839270
962845380
714646149
1849787398
1128455901
1337373326
797269146
1706994798
1180537357
840333227
985626848
2038385046
1556458859
1200832974
913894087
116440239
1199290337
1914392893
521130768
405103811
1291649952
1693105962
1950698408
327629292
30263491
1981161808
207171797
312136337
881899325
735746571
229537931
1921577622
1632380085
1508077996
178995591
244258922
1398417020
832244596
1705731425
848797353
859487902
791462892
939540153
2063110731
875927309
1049723592
230279161
910844551
1350840989
1042121838
130027901
2142470680
1732035581
1257035602
353494417
1375689612
428079041
1603574547
227506574
1305562959
508159950
2116625437
1194695999
442465274
1734145784
1904221896
936886846
2121772925
1557281699
673892453
1772775188
1509918135
1062686908
1530957960
1156171788
1059114383
818665013
775264746
1999079056
325169375
285037085
122181573
514798310
631981044
182646440
944450713
14732383
1504276349
1793251362
2027379152
581460635
318394638
1237847944
584837466
729137802
287277167
1529605108
1975453227
1893736506
1908700629
73144106
790364517
184214527
1986818572
2043819006
1353064586
226450978
806106110
293001355
1813994924
1695176457
1030715292
234604574
2059995986
210361637
2128328332
1773183437
1635177047
1633578206
1151264561
1212341983
48933643
593757166
1282225920
1905557014
339215530
1559368952
36317235
36092036
1505497472
1521180633
1317378542
1242348517
668544926
66719924
1743282991
768880437
2097045505
716669501
640087309
965733924
575040747
973332544
740098206
913549806
1884321799
787769913
1356089560
1105092804
631103544
1081771042
2084951442
1962189792
1178959621
1555871044
868202265
2061062175
1672290602
1166805460
475566610
882151274
251625221
1819085599
1455998505
1260566601
1805429776
1354137833
1782094018
1469647807
375772176
1480818188
2042608580
1840586535
1112236154
1572634332
2070337396
1799280373
235060910
623954812
540474585
1498899675
312911829
1551050358
1086313924
1611802977
1066356439
1264558919
621395541
527578212
1797111588
1281386414
1895124763
1212561543
1012096975
1164834683
169091751
55872442
842289672
1261705111
715129613
1792925142
1291483892
1953999859
529900293
1342489975
483757173
360430273
2069942676
2130411201
371724215
2009575052
1794293435
742979215
888143276
1667979597
1255504
1390997379
652712725
494654305
1636480800
1825256139
286436159
516532690
1763670719
1849587769
1995433886
1609920597
125041205
1883145051
1261896112
1745096921
926305332
879928959
108545296
1100020263
326296977
189197676
1620587123
1902687776
2072028823
516408225
517025337
2015414751
2020354668
2132200757
1586380215
1437321119
1467911495
996799394
863861412
509537611
1990901467
179271171
1200323623
1756438040
227565298
157314606
1902758558
1410982626
661284608
2072946776
926241457
1611573210
1428103055
1264920180
1164807682
411670727
2073900324
1994170132
276872414
1830121030
23603654
207860484
1038876940
2073196192
1065500175
1429137576
1997712635
448206767
1506792325
996490906
1051877757
839403059
598945907
9279551
1030702845
56833613
840928304
1521407743
1047181561
2103101674
727748011
292613667
834696873
1651191764
1098674185
240179282
1914380527
595652382
15850357
1839564617
734324059
506084091
615911811
2115621529
852004946
1664331368
449003160
1104729778
386596678
1783631142
768784976
1086681934
1017208618
679503407
1854531143
1009216559
1972078176
2045856207
1181565129
1039806878
801027493
955284885
2031425631
1800280682
1513863145
663346440
750735397
659983864
1288393248
1439237509
1901169353
1876818311
38072369
1313364735
1525790870
702918309
448252227
1948155531
1204495457
1464514578
1757712879
306854584
564004092
196572012
1776134327
49974950
1336468415
886298964
926228217
1682100595
804178298
1179975018
799988886
1867959989
1590678563
952410905
1819369977
1285532545
1127327233
1029026819
726524977
90550674
1015505923
896855319
880584818
519882540
1850033638
2076459021
1382335286
1386492111
2016007813
1152537149
1657238288
1733797179
1591519720
211843136
3507859
651291453
1820757535
537856344
307963513
2116463838
1490840200
1692081356
1817722471
327091811
244480965
638545344
85919719
2026175388
1502133588
252860366
472254298
1036643814
106614103
1199778945
1799404540
1178121751
48434260
1617375767
1531713740
147330306
1858703683
272065494
397388229
558536256
825842314
25430964
1640512708
1414864195
1486952626
10045144
544860611
1545508615
417479818
491174592
2051704933
112636195
1270431069
1842959198
463372596
1503350444
854693701
765702047
236228522
1279758999
185178405
934421551
960605116
305016449
993280946
1640596305
108072661
259390192
1074564795
1265347684
1874762893
684187700
730593971
248016940
1540488842
145901206
785668134
1472077697
2138242049
755507456
786968581
430303278
938904421
1331946142
1973232246
2098332079
266963711
1415427459
750768454
1946988028
819586386
1235515840
1337391919
522615254
716023758
2084939298
441736990
740395641
1995392760
508653538
503008547
1245975366
1734251836
1450580783
587158797
761178872
237891846
668187982
2147224265
1720516631
1053950301
1559586152
1469562363
91351134
1675822469
423845483
2009608475
2126456275
380686250
370310999
410128914
1290202093
616316534
1335962656
773909239
1965750396
1919989600
1510708008
984912909
525326341
920601076
1486444225
1920841497
1556991174
639931763
396634399
1851135268
856896453
767211269
280784961
1361774387
1069351122
1367577210
2030164598
412667995
1450297791
344714456
1848783990
64395256
1904107740
1535798356
507219302
134274638
167221038
1181982501
553841249
1571644941
279084613
1549284957
682132346
1587473439
949837749
2133148295
1658895760
1686945762
294303786
238051819
752403256
954358587
1022387895
1451017553
770582166
651124758
399673873
1271283133
696721597
1482371801
1160826135
2059421478
335687565
598081967
340918859
924754017
2074834679
166823019
356588247
30135226
971449001
549349953
994264362
1540336293
1227883591
188563567
708976339
25787048
536228150
349044586
14697385
1867011546
1488046164
666854290
441412547
1950211449
228605252
1041141236
2011118935
859179688
1192470668
487694980
2000404162
1259139331
346807779
1744849620
1358160731
27190390
327597532
1593916645
1314244584
1042535691
1014841758
1507988863
1409285210
881838113
2033478139
1326568865
591162783
1239709603
987350384
194531922
1570437896
1382176203
1376483581
1222400226
907234448
719592962
2036760741
1242157446
1911402551
1358993777
720506607
1806816494
1159834444
899355536
367662387
354088097
1701895673
1180141001
444826083
404484709
811254692
375780830
1137208664
84896964
1471454468
1937502285
775071704
17288433
431331458
298001126
536253024
377918458
921775934
168364313
370852850
130820912
92462783
168052960
553521538
1925420753
815108237
2033796399
419613697
1108971237
463010258
199631690
1843546158
653081786
1617769408
299057887
1822870814
382410131
461653244
1422291991
952350943
2032466729
427232672
1814480053
337163675
1424034644
1486331501
735997709
1705656253
1696613460
1217278335
91220762
2111222647
1181860907
286156082
598101123
182299069
972468955
947761969
1139114104
996973825
2054047632
1050539447
1546417342
364492470
1600204950
965509131
1812704303
144545215
1665999203
894681606
1504900110
1551136757
1140598166
755334500
866446841
1342553658
366200921
522374517
232114352
779233963
858427108
1223352571
1424362903
162669029
453682385
150719598
328434690
478531294
169591950
1762481016
1326597661
1093932958
26699499
1358467773
1189562052
1802565883
1939956599
2027110138
484446533
703925080
840391541
1416165768
833358555
2031914172
213302168
1402615110
1097688447
1925715966
842405451
1676562321
1904097521
2110995743
48222431
1304522828
1943875175
1303573200
534257330
354407971
1744596371
866472509
535161688
812040982
98452527
1328283030
908569791
1991370343
850418073
1210624276
783199274
1210876620
300239421
639508475
1739094771
586244731
197230258
1214434643
973317292
341938087
510737954
1485001029
732964892
734334896
1349632238
884136170
87602070
42622659
702710826
2091595016
987235355
156025826
1867978565
2021415741
2069617340
1145991956
376372966
1976733801
1678158292
1469508537
1780353948
1480115818
533400966
2098797580
368470949
214015741
798234189
155504667
1306082583
146311636
918894551
2111653939
1522691398
874604221
965857609
2106728537
2091448181
1970797765
1697113496
1325206009
590944273
1248323221
38226922
1907504044
2068140158
769619618
1767085911
854869273
602059997
1754545540
1360476753
339506303
1941887719
272311366
102421366
682129408
758998878
2002064338
1469130413
955080585
702371807
644480182
1242321746
1595109154
744224659
1169470131
1890756752
127786391
737477874
407441035
1022527308
698778569
764712530
610535147
977764211
1729502004
429484530
1050733730
1664342183
357787484
377796038
627938057
1730136637
1189311402
712042148
2084131901
1997202117
1150797927
1665482709
1017810768
2019081284
1020920901
1725596927
1197360425
1898567548
1221175504
984151048
628671479
1337359745
1007041128
531078757
851955403
96777685
295150317
1702710586
1428260162
952366483
443583371
1407558853
379821236
889110433
1846123056
304120141
2021593293
2022688957
760852636
1457692115
1894704944
190790169
290985844
88775670
827635282
1303919722
747297133
2040951878
1931577210
1192220525
827994930
587169105
1316436898
1933170021
708955399
59331810
1585895648
1461172152
2013989249
269615682
1951526804
1030925380
1896236192
1001047704
1737218163
894088444
2131788437
1870188371
622462390
954487016
207423417
1822987622
673130062
1140698426
885683993
388392789
1082581593
230141761
1103787774
608719500
1504779336
1761444918
1546276872
1808136359
2038108226
2070656302
959302874
1238288359
898043806
807887607
1818713842
1062554153
1910244176
954088597
1352893272
2046654826
131852361
252669312
367208337
366706872
80283510
1232995345
989134328
2065389374
426832823
1269382358
1901932951
1513697881
1926263279
2143904078
879856870
1065293987
1915016898
1312172718
2119336590
1703885597
734281813
1021466189
732903496
103876400
1914015304
446220138
1878891752
1245439945
641997616
780146379
1051108952
416970869
1138214463
1612592720
995477710
1213923369
872278648
1622324181
2034665992
1099001739
163744000
1090543395
1715163363
446041918
763153014
1455116203
1122442557
479473042
834908557
769526663
373398164
1246453203
158906606
851131833
2079650177
1558005307
316067298
1824451590
641225392
361106779
209337049
597852224
1345594389
933782874
1903381523
49485634
109141607
69803904
2093997105
1389678112
722801487
26394704
169047211
1839050021
667801547
1780394703
1654606203
843255125
127294509
1302629928
1410891263
886285251
96279576
1285577635
1929222553
1354577683
1719243732
367110379
1327081274
1665770224
1334791871
1041977497
683843180
1843358557
1961933716
441008138
2037440042
582608203
1602762044
1859734725
333150041
1340540616
1204366895
1975175398
41883380
1730592878
999730475
14397755
549825487
758742011
1377616416
1633814286
288866763
1900018021
116217135
104318059
149670734
1169452062
860937263
1362579304
1851707035
651625242
692656611
2054740080
1024219144
2046656237
1274276138
993407271
492646901
1832033700
742029964
1881794640
1227816025
60525834
1676223349
414428401
1331757561
396275555
1817509100
489028857
271677759
1734639370
2070672844
1793292578
1519096099
443178600
1710657959
582165974
1537488861
630090030
1882561800
1906308895
2116400774
1696519523
1274136621
545111341
1417738591
120832517
2027631736
457984840
1142622438
750289158
186730998
720495600
566222058
1471055498
700795524
537427815
1437377671
1264150579
573905445
571063937
51402752
1505990209
1319496864
291236055
311398871
1978875249
485648338
1224684649
897691037
1853043090
1120431498
804010203
1682769759
682299396
103427797
805082530
847252763
543482127
1461476225
1617337125
1242972946
483876203
12452499
685131379
1101552389
565740796
1613527477
660670476
1160898408
2049322836
1057137510
1891839235
99345676
1092016142
1929259984
1316394266
381611846
1556154936
1808798109
1450407257
930193527
1375395987
1911615403
1848032690
1968143341
47361249
1969765326
262136541
1479745241
2013697078
601415193
1085270439
1308760407
166832134
1431816648
1784945174
467881305
684670901
1340970101
689518555
2069581674
1308659707
1722194211
659639185
182278013
797580738
121010478
1207768242
1970718058
1186676284
1677432456
212264890
1550915926
1021141789
1225286706
1013203024
146034439
148262771
202081351
889912862
638342866
610615442
721385844
1623443806
443320012
275775817
1475282242
1693548781
1059335787
2028468010
93000165
1002647369
1253963923
1719060720
1547685923
865453904
1076296433
906399857
1735962257
527183210
629673843
1324406124
377849186
437353727
1581575549
12345438
1778470165
1965235522
854321032
532539983
135322147
1604421077
1862952233
1821054498
1313761144
1090843129
869181872
562350090
98170259
132398278
1465900451
1746062708
498373674
395175489
1101110373
838215806
903603636
1728417676
891291579
1841695933
171869131
792975972
1227368078
1361952497
363206859
1555466035
547014798
849855329
1252925208
1873963642
49450586
1993536190
42470202
356749976
261896141
1365751678
1592611612
1136154775
1785950515
1743289282
1791636913
1055870588
674440762
143775574
1688823459
459759060
233816134
1590450357
2002543939
352154181
1759956771
2097832943
680171448
2077043646
1335560848
2022573931
452794556
260966407
1598432751
1117369027
2048096372
750254612
1287194582
1061990124
1920148817
402436404
1585510928
1868315799
806578384
255096609
988077092
454427528
861581310
1428151529
1401946331
1171678970
1142965942
1063013226
1745406414
1060566693
190904198
606337937
886859426
1048508380
736154975
156768064
1676386353
1487682409
998188393
1367093694
505064107
531315312
963714332
1899716871
2041809437
1797548396
1795606250
127702902
106752168
2030217742
1669920045
649519657
489037172
1820356385
769848552
603919422
253470299
1567158452
1127186619
183806806
1176682350
70225314
2040274131
578474351
2025553571
320963561
1455031350
1844035131
497674032
1911229104
1962472592
1112544486
1282704161
1201987770
1881916725
79107789
1658261788
1025661815
1361173743
630952741
1673599835
878439344
452740195
1681675428
313645538
1098674486
1626165927
830969092
466781042
967522758
257384362
636541163
1304497880
499758008
1905375136
1429001901
57799225
1922332713
541723417
2040233653
1238584309
350553543
906570758
1730212687
308115871
327075187
1819876048
608917848
539776843
1269270399
1140537530
340010848
583206512
2061620331
778317930
1831115386
2009879764
571404687
895889685
2117371935
1061339380
842718356
191602050
461308971
936767604
2015281482
1900413181
234004547
2083288378
1342856894
159008289
1878795769
1504646979
551510713
1816525596
175042811
1939353580
1645181878
2050245321
1742602428
1919466448
637455937
1948771890
1405161674
940191761
359325242
698991822
1496751502
298900800
1736796654
1247987352
667922565
1406965575
159122359
1334098686
699755378
2108873925
2107038650
2125360182
1363635906
771133288
2129217468
1128079673
456458623
1118219505
611423736
327531726
872355995
1698345713
1450638165
536426108
2101278896
1768814393
1528177758
1195700282
818781962
1597619701
1724276816
1831458162
1836506786
1876292843
39495284
1483048902
1452187384
587618156
745957155
1517361464
1488798705
280965588
97095507
1917647741
999461682
1320005661
1135355414
1943237708
224056628
1791264188
1077035129
1238503690
8471906
1749184388
1319805848
1499739168
1349907943
506185079
952017744
1996844038
1953311023
714720362
1934792513
965256387
1149826731
1057121028
2103133910
189584558
1860497396
2094768427
1581909201
252758548
630869842
147304547
1234151973
351288806
47487663
1005048324
1353515023
1180050861
953720978
165929220
714311231
1940405160
869727174
1281766761
1667447864
1602752469
1401929690
450889988
1887337943
699551791
2024039844
1892336074
1938603677
1133993230
1772685756
1002192295
981353699
719709391
1403901288
1216516842
2116575265
1755534775
2049722109
1254798152
1357375449
1612172626
1894983842
235119004
1840140095
1057363107
1968676512
1588173260
1735627914
1052454920
64648650
1614135854
1869283441
1013672529
1696154670
373892190
1991836243
1996689672
2103950514
2037306282
1180534399
1967725248
1085209671
403173106
1235216628
241907645
637449671
94947919
399535598
347758026
1192130221
365394055
1634204918
1813840306
729345575
1706459091
2011783641
1779534413
1696174214
1622797617
1869609473
64696061
1805526538
250509597
545610821
1727858698
2063214142
1545304503
1979868049
72437046
1922163980
1891965148
526181727
1614537264
759989402
220068330
1671523285
1912790201
692332789
1896984711
473294919
903345876
2096295034
703033565
203246233
711461720
18022515
1175506929
673495734
1852307738
2017194997
1727082394
702656584
32995111
27282413
664627325
1267300980
2122994358
409072709
1025976910
1383369255
431543122
1064501880
246956742
1504326343
2137026627
1404174345
1565538411
387181474
821954901
748848666
224795231
1622465316
1345120566
429685195
1475551551
1807162368
50690595
1400961995
1650566777
1699865089
577039280
194462046
1792806600
485330389
1640418220
817227872
726992013
953127031
1640278207
1009427144
1970959836
1618990894
1339758685
283464054
554281189
49224652
523990048
1016220662
1499635320
256445087
2146601897
419052424
1167112737
1619145013
1061759306
571167007
1636508541
544084026
1991877260
788390368
1445029790
1502443805
722492907
222617663
571903298
162153951
918416691
688109796
575909507
1151216892
1620063788
885783763
566388082
613846947
455925381
1942048305
1061619732
638162165
1207335462
291057830
377520036
2138949057
652331877
365191582
1042404019
452089777
1694974348
989144587
538644829
2071617488
69437409
557541846
2038152676
205418253
1078757131
2090891404
659502281
1076418073
941788084
517036735
209671100
1887174252
1339653872
913891880
55355539
351305355
950109064
1963112999
1037744231
703927696
671826636
1168524461
297890076
1002939306
1420367159
574151137
2070623924
1604038249
1313515198
1010136899
723560508
887189232
1820840522
1728318182
867947889
642807366
834842576
1804825176
977119038
1754481378
1032964076
1645812958
1811709485
1660921490
931638122
1253613440
937355181
1891936769
950058431
71070172
413009821
56869323
1372471922
1302578370
67434890
1313046890
1438293834
540298775
374786056
62610081
1205196230
308760517
427967539
766423856
2082194975
1121623076
1949357568
2131015102
422752337
692597120
1847154007
207199501
39706123
236683700
320046927
1781504241
716498433
7730943
815354232
480184196
735490739
1195956767
1893484722
2129680168
1378744650
1354207050
291255978
663656056
1738506714
1941438165
2049900750
975818132
299176288
545123929
765659588
1853523249
1017515388
1462228311
1605399041
960951391
1414144476
1185655700
202218916
823533101
1185261969
1656816905
2107289163
1328693583
382200172
1055513673
710113077
270454646
498643929
631388135
550602432
1825004222
985132074
1418362752
1943705592
284912535
321952290
1579615242
75292124
561855623
1567361194
76751089
922372573
925229319
1171373364
1155235896
2135722329
1449495098
2083936315
106647790
2104289682
492526093
114543200
404306301
281258628
1915656288
1111930410
1596368045
1496815283
535750110
245220715
1107287189
1282078358
2042972412
233149468
798754043
681965331
1760830454
2006195481
1679028752
1345439700
1361144691
1219519115
959404052
107216734
1804631279
1201827054
1203406691
1361377941
482145485
2085007760
2124220575
660443639
1337248438
672326910
1841242476
270092962
1860192828
669904652
1308308508
1054340073
638307681
71832364
566944519
160884552
1375210621
1980330727
638007320
1038543629
725677590
1453075517
1764501851
1838579257
2050579863
977661467
1446815593
2001041274
235449633
1262102723
2092161884
692709618
915901308
917406405
487911287
169451823
243562127
1373449590
163749208
617491054
546512268
1512799220
1865940752
1763520342
2009506602
1302565586
299795462
1807657322
1777201820
1960723206
546994566
1309272296
1486938850
1249080988
1533566238
1938255743
1217872062
1340243252
1541514468
1970817315
588056241
1115405752
12812118
1630386839
2013143124
18864102
112316537
1876087218
867947670
998289644
1290688429
1205366731
1012181413
246940682
1204774877
1030865529
1362448728
1200166221
1100001392
480553099
1246547797
748821516
1936274199
1642669746
488356812
1825813331
210554506
862610029
602401536
454949011
203004929
1707335364
1772395502
748726087
1976709407
623047228
1173754169
816208401
1051554125
2052206919
2013980786
1903021516
1424474984
270924923
1271837678
418356527
1596183941
660639069
402200466
1355816566
593086189
1905665951
520085779
2003140039
2116742883
217937753
227049912
449877352
648967677
1407910926
1054335342
1655402498
1301392899
648674195
1637944249
402111132
1502360435
2065544033
889992362
704449197
1659011658
1635621203
117107767
1666346514
1408084494
938497263
807617798
1509778519
1733884835
976022508
752759869
376708206
1765638824
189549490
186605696
1342213146
1128758225
543359030
647928925
486845905
1657246541
1988173025
1457132486
1107181202
1591158473
2076832772
2115912071
748233056
2128117601
657793554
1052356084
1662482748
1134993168
943042431
1478354124
1232844160
872990429
689957691
12121667
842835810
1684351429
2050033384
49323055
967651639
214165347
330649904
1589066167
1996993409
872056162
322145243
979179271
1795547937
862426812
445261318
1692954810
907020618
950708403
1831826570
1426316855
281730778
628089304
435218397
1638290663
1831860303
1052399842
1418278164
300957884
2094069501
873200856
1231484245
1097256144
1725010797
945061080
1061127900
1802563238
657993550
677760658
234635056
265959022
1806868138
876618803
735601213
1257961410
1635997845
1924061685
947572515
1174485309
1930563560
1843544120
1715444919
1084378566
1467825702
1003601500
633152386
887435783
247067311
516022227
252062329
341947829
413575475
1169841857
1597937060
118933206
731463744
803893256
970320651
639264086
856828468
2035862864
748564712
1084692155
1144568178
775165459
347382672
1179424935
782909281
1595525905
744152583
1206325461
1040400440
349929471
521703998
2072349499
494124129
1781267144
574408440
1186904660
1211840023
424860782
223708856
275066684
1587149601
966265042
1006964334
1812971991
624658978
394691891
589561627
1141948549
1645043341
1114094502
444316087
784199127
498350693
898633107
1149863521
882477467
503427697
143870436
1796962315
1941366823
367161907
1446671320
1385629900
583120983
1421848352
962746210
1243591861
2104304698
36093985
1764275892
1685505337
1801802536
999690425
793211028
1278007818
419890611
1581071808
1174807327
1002828134
2049513740
160034133
242080646
449621927
1657600531
1814616164
894643497
367656051
480532616
1854001766
1806202213
1577057550
104596725
213860961
748395462
2076377983
956134141
443306822
794512888
704533038
49122387
1260626661
1175076388
1532790914
430397148
225357538
1078307467
1349311295
1087146414
58109599
652150165
1756853408
2011176590
322855511
1702966301
37752720
586988462
639843799
1125227531
983628615
605211308
2141625616
119205274
1088556992
1964601963
696831552
4845297
1765257562
1184754965
2020685635
1802492560
28458976
962134368
192315651
1363880861
1523669576
1395753580
1789671459
759155046
1076896345
1545629011
644034327
1856214984
1651684981
1032104062
788928334
1402571967
776678838
1544581374
1232581180
770103880
873069631
1927463225
1035202585
1434183947
1811052973
953427459
862511788
1263857712
519004601
1221927194
1020057151
545053026
713755181
878102213
1668671770
1702939049
475577808
1767709006
1634354736
152937142
238088608
1792355704
2118815305
853153906
1411556592
136303840
1216735122
1583136874
335406439
1393908294
894332791
783101031
1144076105
138325061
34275582
136210963
1445868798
1797711882
169739203
1021200252
2003534222
1808072020
1283907974
1485223147
1694322297
105294274
1961597857
290631266
415406690
1649804237
179972643
666200787
1267899476
1467088027
1001185641
1018524630
486788977
1402258409
1144599294
16059261
131938103
760377836
223927063
1953388373
802879893
2028248718
978056423
972654701
1404588238
1679021146
835824774
1777772997
57389747
1006548216
1065537160
2062145952
170626086
1495275153
968046026
621902196
330447929
966074749
344149038
1962339437
638398655
1726510225
308364219
381585819
1707332541
1047768748
1241266156
458612694
759455566
1629831787
1770929859
1187263866
1549371915
511900083
900468696
1020231070
282547703
30758194
505700604
1206657160
1371267522
1439494284
1218284366
329514801
679743046
2144093123
767572689
1613105801
353541282
316217565
529832088
1462541020
30596762
1969130478
2126213527
1060557260
568260809
267822084
1186592769
888913202
1779546494
1904408688
1460024238
2118626947
905872595
501656658
1431472430
420608661
1065834196
569048752
1307400691
442938725
483009866
1328485823
1262845432
1703716381
1484042906
109182808
520156967
2103621484
1834875308
1338606477
1736171339
1482659981
1482819233
1625733463
1330233796
2101481016
1986475802
663095778
1866208590
566473912
928625718
1587205359
629347697
1729374189
1636048547
206097133
983223324
1522590827
1208065708
1235224308
2079619100
1689285517
1855143907
1019951694
610459751
797412130
1423820719
1242405201
1427619178
1777669256
1880453800
1405250620
1557075186
2079970521
1345982443
356470888
514198140
1523717395
1225260782
498803825
759538380
83341563
1189903389
1240437554
2094289282
1174405056
1870750367
1114276019
343634221
1360546471
514738400
963915808
714704720
1124462790
350953222
239112339
31277807
2078854860
1176045957
3526374
1030482987
1953113489