1100002002
1100002003
1100002004
1100002005
1100004002
1100093001
1100009001
1100010001
1100011001
1100100001
1100012002
1100099001
1100099002
1100021001
1100021002
1100021003
1100022001
1100022002
1100022003
1100060002
1100022005
1100022006
1100022007
1100022008
1100022009
1100022010
1100022011
1100022012
1100022013
1100022014
1100022015
1100029001
1100031001
1100031002
1100031003
1100031004
1100031005
1100031006
1100036001
1100036002
1100036003
1100038001
1100038002
1100044001
1100044002
1100044003
1100044004
1100044005
1100045001
1100045002
1100046001
1100046002
1100097001
1100097002
1100053001
1100053002
1100053003
1100053004
1100053005
1100053006
1100087001
1100087002
1100088001
1100088002
1100058001
1100058002
1100058003
1100060001
1100060002
1100060003
1100060004
1100060005
1100060006
1100061001
1100061002
1100061003
1100061004
1100061005
1100061006
1100062001
1100062002
1100065001
1100065002
1100065003
1100065004
1200005001
1200005002
1401002001
1401002002
1401002003
1601003001
1601003002
2102001001
2102001002
2102001003
2201004001
2201004002
2401001001
2401001002
2501001001
2501001002
2501006001
2501006002
2501006003
2501006004
2501006005
2501006006
2501006007
2501031001
2501031002
2501031003
2501031004
2501031005
2501031006
2501031007
2501031008
2601003001
2601003002
2601013001
2601013002
2601013003
2601014001
2601014002
2601015001
2702001001
2702001002
2702001003
2702001004
2702001005
2702001006
2702001007
2702001008
2702001009
2702001010
3100002001
3100002002
3100012001
3100012002
3100014001
3100014002
3100021001
3100021002
3100021003
3100021004
3100021005
3100028001
3100037001
3100037002
3100037003
3100037004
3100037005
3100037006
3100037007
3100037008
3100037009
3100037010
3100037011
3100037012
3100037013
3100039001
3100039002
3100041001
3100041002
3100046001
3100046002
3100046003
3100046004
3100046005
3301013001
3301013002
3403003001
3403003002
3403003003
3403003004
3403003005
3403006001
3403006002
3403007001
3403007002
3403011001
3403020001
3403020002
1100102003
3100057001
3505001001
3505001002
3505001003
3505001004
3505001005
3505001006
3505001007
3505001008
3505001009
3505001010
2501032001
2501032002
2501032003
2501032004
2501032005
2501032006
2501034001
2501034002
2501042001
2501034004
2501034005
1100102005
3403026001
3403026002
3403027001
3403027002
1100076001
1100076002
1100076003
1100076004
1100076005
1100076006
1100076007
1100044006
1100044007
1100044008
1100044009
1100044010
1100072001
1100072002
1100072003
1100069001
1100069002
1100064001
1100064002
1100077001
1100077002
1100077003
1100077004
3100052001
3100052002
1100068001
1100068002
2501016001
1100079001
1100079002
1100080001
1100080002
1100080003
1100080004
1100081001
1100081002
3403030001
3403030002
2501037001
2501037002