3100004
3100054
3100012
3100019
3100041
3100052
3100021
3100002
3100027
3100016
3100046
3100026
3100044
3100049
3100037
3100038
3100050
3100029
3100006
3100014
3100039
3100018
3100056
3201004
3201001
3201006
3201009
3202001
3200010
3205006
3205002
3205005
3205003
3301013
3301006
3301004
3301003
3301007
3301002
3303004
2201008
2201003
4201001
2201004
2201002
2201007
2702001
1100071
1100090
1100048
1100078
1100003
1100017
1100004
1100009
1100010
1100068
1100045
1100006
1100059
1100087
1100034
1100062
1100038
1100081
1100069
1100073
1100064
1100033
1100074
1100036
1100058
1100072
1100021
1100065
1100002
1100040
1100051
1100077
1100060
1100031
1100076
1100044
1100022
1200003
1200004
1200005
3701002
3702001
1401001
1401002
3203001
3121001
3001001
4101002
4101001
2102001
2401005
2401006
2401001
2410001
3403003
3403026
3403023
3403020
3403028
3403008
3403019
3403007
3403029
3403021
3403027
3404009
3403011
1601002
3502001
3502002
3505001
2501031
2501018
2501016
2501039
2501001
2501032
2501037
1402001
1500003
1500010
1500005
2601018
2601020
2601008
2601014
2601019
2601013
2601003
2601021
2601005
2601002
2601004
2601006
2601012
1100094
1100098
1100099
3100058
2501041
2501042
3204002
1100102
1100103
3100059
2601016
1100106
1100107
4101003
1200006
1100108
3100060
1100109
1100110
1100111
2501043
3100061
1100112
1100116
3100062
3100063
3100064
2601022
1100117
1100118
1100116
1100119
1100120
3201012
3301020
3100065
3403032
1100121
2601023
1100122
1100124
1100125
2601024
1101001
1102002
1102003
1102004
1102006
1102005
1100126
1100127
3301021
1100128
3100067